"CyclinB1"	" TUJ1"	" CD117"	" S100B"	" CD34"	" pSTAT5"	" pAKT"	" pSTAT1"	" CD56"	" pp38"	" pSTAT3"	" CD49F"	" CD133"	" PDGFRA"	" SOX2"	" CD15"	" EGFR"	" pNFkB"	" CD171"	" Nestin"	" CD44"	" GFAP"	" pERK"	" pS6"	" HLADR"
"1.05"	3.00076642645071	0.772874560466703	0.0296323759111575	4.81467426372206	0.0400261432303999	2.637480565573	1.47189732329084	1.40385669078572	0.653495811463344	0.2838445945661	3.41176447072605	0.11434645530485	0.527584903235941	0.0767273913235043	4.75860514441039	0.511165239842849	0.0060695911819809	1.39051358336216	0.0242503501018949	0.0096463300313112	0.077018602042056	0.490020318403054	0.399497388588197	2.94244971148668	0.162640490654873
"2.01"	2.26433971819256	0.794635969796117	0.0792171247818609	4.76345678736765	0.0556837701027237	2.02412924154952	0.707267477304649	0.929381742109699	1.25347497029628	0.114739173717564	2.25173314164594	0.00876810658085806	0.27419430890379	0.117844974483243	1.98806152885932	0.0924890532419415	0.0642268627233332	1.25164958161216	0.117156204172985	0.0304729175682708	0.121601785492542	0.706915273502763	0.595651539701534	2.89967639477226	0.0891531283827207
"3.01"	1.56626014568427	0.906469107252142	0.0371014513107633	4.85596436947703	0.0262424185289843	0.416446401971177	0.302718834421101	0.394346735703734	0.721690745416138	0.0507262577627477	1.08778324255583	0.0488111766610211	0.263157761880025	0.135705406680765	3.32330821796767	0.000809772658258735	0.0137733405227644	0.6783080685628	0.0181383555949427	0.0763998140179094	0.0339196438362856	0.686618492390362	0.241698711176996	0.782179148796781	0.0433518944129508
"3.05"	0.414589218383165	0.0725108861015959	0.124421422562945	0.22606953191709	0.467462212433878	0.779875475462266	10	2.51192230412474	0.0545299785752385	0.0842724754288812	0.0516159151490198	0.101854459623858	0.125399918407438	0.145789289865701	0.0564972015180656	0.0940091786749898	0.0230670306745333	0.0665272639797613	0.113788820816175	0.806364772039584	0.2038258336436	0.33880308313605	0.0180332644326564	0.0621375191399654	0.0437071833148324
"5.05"	2.7811050023865	3.42532876469863	0.216854026610764	6.38609232587744	0.044093507249924	0.723183408607708	0.937231035120652	0.956637461590369	4.03838238341985	0.585035788093128	1.85011997545778	0.261178176913148	1.16732774634547	0.0798127425150999	3.94537824797103	0.446126831812994	0.349860357919119	1.21985841856886	1.4935294250248	0.379160818437609	0.324506726234516	2.1563210799588	1.01812215546665	1.55782245537897	0.322854625232036
"7.01"	0.821138753431614	0.09056794487495	0.0669742063438679	2.03594345200882	0.222616890930945	0.0762273768777007	0.0337213001181652	0.271937862166919	0.818447363213162	0.00892128458855787	0.364764977535822	0.0544762792106885	0.0113290819765781	0.129037157915725	1.05452909834395	0.108244029410921	2.21332854171832	0.596932571753009	0.057744794115642	0.0723384018505782	0.803051143147334	1.65291160775481	0.113858466774812	0.629612879417339	0.520167107815778
"8.01"	0.930211120128145	0.443843715888164	0.270113481813623	1.16870803471278	0.394922325784545	8.77631499276963	0.103026256058895	0.0593844147479993	1.94116434499267	0.16982814386708	0.11794108877726	0.0161704652606805	0.0395675017135285	0.0598445686338766	2.30525870487083	0.377673721279141	2.72574803451636	3.64847378897931	0.753205522125037	0.227787187651223	1.22987133407201	1.13876497273947	0.251131895651442	0.225316273700607	0.00906317122107023
"8.05"	0.0302622267343271	0.141162541448679	0.239926895325047	0.854372801057767	0.137776751370594	0.126283415549532	0.13911127486463	0.143068346157301	0.14901738268017	0.14160826871305	0.117986948257262	0.138405955576201	0.141473748578633	0.14508561337213	0.127639722533316	0.0828898404906122	0.12298377567498	0.109817174445067	0.157330367919678	0.152592410694637	0.131339906420482	0.13671018797194	0.133687459076442	0.12596244478259	0.13191945687962
"10.01"	1.85538592538509	2.10753173039594	0.163953376322379	5.71453701524019	0.394200926740393	0.611936545755947	0.802444504861358	1.67176330116663	4.61009194712774	0.942077279069167	1.56113004987489	0.59195067983209	1.36593124412488	0.0254227700087398	4.26827531855838	0.792348559973012	6.15805954551705	2.15024879304266	0.415202142609878	0.417270202061864	2.79147191852867	4.95695718582708	1.03666388396956	2.18025855190661	1.40284865067006
"11.01"	0.308973600341004	0.105976877050243	0.129997392368125	0.112211137439943	0.0536892305879737	0.335171490227349	0.395752431950084	1.79120902905269	0.259390781719415	0.20683654221275	0.962267897779283	0.899306017834371	0.210454946842304	0.077733183702862	2.78440273713525	0.576694835686108	7.95429014927893	2.20232291419463	0.204857239323108	0.0708776202529331	1.24785675166446	1.87812322035702	0.221721759737742	0.149683286310258	0.374231539784286
"12.05"	0.653365141017226	0.117998512424402	0.102827873561673	1.28201916069289	0.0810482130921457	0.222421800648635	0.30031904007978	1.0100269077069	0.906428286660347	0.251480934206512	0.877664503359046	0.4902614062944	0.318610660658691	0.0982212017837315	2.19092714701664	0.296243947076362	5.95969346689137	1.60101949036114	0.203444199960048	0.0728554245725283	1.69677987502316	2.63024269365376	0.422391258103781	0.515072195674075	0.5303625402262
"13.05"	0.853181554014415	0.082654070454194	0.0482422004036317	2.3062999813337	0.342746471244584	0.00306926495355487	0.0261001794696576	0.183650480414785	0.544883244382792	0.00292497971595389	0.109768349885259	0.205034675933075	0.0977318719181808	0.127578465974756	1.60071132758813	0.0453117579843625	2.12356457453591	0.358685790189462	0.0365984842085715	0.030090836592926	1.10402321455015	1.80126937097574	0.146047494207165	0.436630000042357	0.154821293918869
"14.05"	0.876933816678905	0.101847064281665	0.145124182076163	0.992012227287762	0.633973280178245	8.15967280260318	0.297786933570029	0.283291637304725	1.25379557860329	0.189275814927391	0.323533790820837	0.411178954661526	0.178196096017929	0.0576107420179555	1.77118743437904	0.226856260416811	2.43692801717647	3.25843120653892	0.342237371103505	0.187445726627199	2.75591407049396	1.74647984281791	0.297633593930109	0.199435995097013	0.698818344893343
"19.05"	0.592332380348709	0.0130749672755888	0.0965969513074323	0.34448783349675	0.22493482151185	0.245071149030768	0.288142135246632	1.44986723015977	0.667567783421328	0.304451370006724	0.793789627808347	1.28162729650492	0.356560730355824	0.00730238939651838	1.67631993424797	0.343284783493325	5.05454809975772	1.75415167142116	0.333348164026831	0.372516195316017	7.03893916871557	4.74185907124175	0.745783144445375	0.250371941017313	4.61080990492075
