"CyclinB1"	" TUJ1"	" CD117"	" S100B"	" CD34"	" pSTAT5"	" pAKT"	" pSTAT1"	" CD56"	" pp38"	" pSTAT3"	" CD49F"	" CD133"	" PDGFRA"	" SOX2"	" CD15"	" EGFR"	" pNFkB"	" CD171"	" Nestin"	" CD44"	" GFAP"	" pERK"	" pS6"	" HLADR"
"1.05"	1.315793231287	0.944621918778156	0.5	1.20215785607753	0.5	1.48321780124826	1.10487957024266	1.00339185259037	0.863841343899354	0.520655319590279	1.46140527516684	0.5	0.597035605516159	0.5	1.60705921432885	0.660532644132759	0.5	0.991841098950731	0.5	0.5	0.5	0.777530538170333	0.557556115962241	1.66532491148362	0.5
"2.01"	0.865182669975602	0.898129410300979	0.5	0.712111849936356	0.5	1.27462464449698	0.61120178965575	0.628918840792027	0.854731916742143	0.5	0.660214269876438	0.5	0.5	0.5	0.73229728241865	0.5	0.5	0.990647365543495	0.5	0.5	0.5	0.593069493015731	0.793547846061953	0.751137385645449	0.5
"3.01"	1.06090876934475	1.0172893900099	0.5	0.872724665389734	0.5	0.605527582266735	0.504096733739033	0.516811952031626	0.764777985360706	0.5	0.752852946471889	0.5	0.5	0.5	0.747546661666461	0.5	0.5	0.66185450969982	0.5	0.5	0.5	0.640904360133943	0.5	0.725700621741116	0.5
"3.05"	0.941273605903506	0.5	0.5	0.789387090328218	0.825818382653835	1.03115535166166	0.989974527067086	2.14466057397022	0.5	0.5	0.5	0.5	0.5	0.5	0.5	0.5	0.922598502370079	0.684431466557159	0.5	0.929753654738293	0.91744506629789	1.27765270014088	0.5	0.5	0.5
"5.05"	1.07062025237423	0.732554693080199	0.5	0.831639011709869	0.5	0.752748996427724	0.760117864867609	0.639703063549546	0.936223177455963	0.521112890043946	0.824586409633931	0.5	0.852065570922926	0.5	1.07654373182376	0.577013040761711	0.539260769114044	0.605968045392964	0.814228752062421	0.536280583932499	0.73883737750422	0.627760896556136	0.64753801442484	0.719874041500523	0.567130236299399
"7.01"	0.863615227367957	0.5	0.5	0.622792774339068	0.546577540779711	0.5	0.5	0.540979177706538	0.879980545753377	0.5	0.580286612881033	0.5	0.5	0.5	1.00796455604456	0.5	0.739658263625333	0.612245390217169	0.5	0.5	0.854587034021867	0.679813293116511	0.5	0.65064557381514	0.795107170896232
"8.01"	1.09579555367206	0.612745421684741	0.593271355144355	0.701468168282287	0.616640070663605	1.11572368577919	0.5	0.5	1.24408398970632	0.664625584733637	0.932937456560374	0.5	0.539644597605646	0.5	1.71840665347122	0.668210428300303	1.35506377330147	1.59276632939242	0.528026859766022	0.5	1.29202539405368	1.02396598822669	0.655097371749052	0.837253054305219	0.5
"8.05"	0.5	0.5	0.640591282142567	0.933601991289533	0.5	0.5	0.5	0.5	0.5	0.5	0.5	0.5	0.5	0.5	0.5	0.5	0.5	0.5	0.5	0.5	0.5	0.5	0.5	0.5	0.5
"10.01"	1.094995117512	0.983271690169786	0.5	1.03346272868417	0.587847914044521	0.769531614296403	0.685206752462419	0.809526287078428	1.13821991915913	0.624227267745547	0.767671977918812	0.678012920153349	0.906098634500153	0.5	1.13018729610888	0.725931045210995	1.13136890432354	0.808809429102856	0.565257757205442	0.690928128629974	1.01974932472262	1.17363277988121	0.783874454201113	1.00977250194826	0.832305263392867
"11.01"	0.731322545215163	0.5	0.5	0.541356024383447	0.5	0.693486499700164	0.753937053617716	1.41881836229457	0.663309833626041	0.550169375989932	0.976037752848018	1.10112564362918	0.530109773142502	0.5	1.77971125025267	0.789689971389535	1.98516541424236	1.15921568373074	0.5	0.5	1.67945232123133	1.67535372069298	0.554485001982044	0.516010663551019	0.70413445380268
"12.05"	1.10450286772115	0.698122923983046	0.5	2.72921073148489	0.552610955628364	0.562981079481068	0.59351607233031	0.991834283957942	1.6130329556127	0.63012903305643	0.905217778221514	0.86288355548693	0.697376543867887	0.5	1.55715558505324	0.62415374933953	2.50663336697469	0.883521611741528	0.5	0.5	1.44774145478072	1.70405242191878	0.638622444649559	0.846268826270269	0.765977764282633
"13.05"	0.990581335998312	0.5	0.5	1.00731325844345	0.543650311825332	0.5	0.5	0.5	0.671112899425974	0.5	0.520306664592841	0.593051540058748	0.5	0.5	1.49127941438924	0.5	0.682625735818649	0.517562031143337	0.5	0.5	0.81529788023639	0.77643583790636	0.5	0.514527351727204	0.5
"14.05"	1.30391060499234	0.608454778907596	0.5	1.36651991907761	0.765499108244478	1.12989101275019	0.5	0.643188918681931	1.58682192148009	0.53818202808196	0.684507066029364	0.819406752646501	0.674890507618368	0.5	1.58656491485766	0.595136624198251	3.0177553567678	1.29399624348509	0.661396654788621	0.5	2.64719683781819	1.34847844750217	0.571430062635825	0.745516550018632	0.97784573661839
"19.05"	0.916972114586928	0.5	0.5	0.729944697988948	0.575605925784357	0.5	0.504445498416885	1.02478146068887	0.887521107232367	0.598987367720511	0.70249569163904	1.03554656869863	0.536701299948237	0.5	1.07343225911016	0.511515246803055	1.14054402559066	0.764558312753392	0.5	0.60130542399089	1.04298096146731	1.36716730786255	0.717934175807188	0.561781283323479	1.32543887984674
