"CyclinB1"	" TUJ1"	" CD117"	" S100B"	" CD34"	" pSTAT5"	" pAKT"	" pSTAT1"	" CD56"	" pp38"	" pSTAT3"	" CD49F"	" CD133"	" PDGFRA"	" SOX2"	" CD15"	" EGFR"	" pNFkB"	" CD171"	" Nestin"	" CD44"	" GFAP"	" pERK"	" pS6"	" HLADR"
"1.05"	1.88901112375733	0.486531917020115	0.0186538636350125	3.03088343073626	0.025196839426373	1.66031920483533	0.926573422115269	0.883741194142868	0.411381854416172	0.178682883088622	2.1477383177952	0.0719821856606709	0.332119735196424	0.0483006256099761	2.99558738465103	0.321783400277285	0.00382086561564964	0.875341580588674	0.0152658269879646	0.00607245688033581	0.0484839455384626	0.308472470289978	0.251487421447764	1.85230019474367	0.102383742137436
"2.01"	1.42542347779148	0.500230932021599	0.0498679365997853	2.58418145138326	0.0350534650779888	1.27420868865561	0.445231631600373	0.585054682559456	0.789074464899865	0.0722294056520641	1.41748751745843	0.00551960683095267	0.172607936100795	0.0741845368954782	1.25150371905861	0.0582227423166892	0.0404314234720077	0.787925365290147	0.0737509494071875	0.0191829926356148	0.076549485304613	0.445009915943424	0.374968332910287	1.48440253157573	0.0561227457586298
"3.01"	0.985975720007933	0.570630960093423	0.0233557179311917	2.90272753022573	0.0165198530877262	0.262156987241004	0.190564397332545	0.248245036266565	0.454311216623511	0.0319326637141001	0.684769939876735	0.0307271018709086	0.16566032434668	0.085427849536822	1.74464166255212	0.000509759621969172	0.00867044939901355	0.427001407225498	0.0114182680742798	0.0480944125676331	0.0213527397386998	0.43223289839223	0.152151646988129	0.492389244235779	0.0272904315578068
"3.05"	0.260987872435636	0.0456462953037727	0.0783244737688935	0.142312929380214	0.294271927145048	0.490939059870863	6.27764125271237	1.58127908013094	0.0343271422923482	0.0530503281123464	0.0324927115352791	0.0641183550768175	0.0789404462479589	0.0917757503061413	0.0355655279224842	0.0591796757944911	0.0145209161073506	0.041879548032518	0.0716311494244571	0.507614325047782	0.128310308882415	0.213279776515052	0.0113521121839654	0.039116161732359	0.0275140893146671
"5.05"	1.75073215947005	1.78128933666323	0.136511680778774	3.80893903190818	0.027757283921328	0.455250862358029	0.589995887473181	0.602212418273625	2.46633096120169	0.368285615888875	1.16466819380512	0.164414156704343	0.734843964688498	0.0502428836512045	2.48365328675805	0.280841101284298	0.220240436591606	0.76791252453832	0.940191036750486	0.238685356317034	0.204280083310625	1.3574247134098	0.640917620267799	0.98066411337803	0.203240069951456
"7.01"	0.516914687430448	0.0570133862524511	0.0421609025191697	1.28164584696934	0.140139458905578	0.0479858617410403	0.0212278804738953	0.171187481330126	0.51522043158427	0.00561603384970007	0.229623036984342	0.0342933380295174	0.00713176530071604	0.08123012325526	0.663836138507341	0.0681406502802675	1.39331145502743	0.375774754820968	0.0363508993775782	0.0455377148204757	0.505528364013864	1.04052364293131	0.0716749922205607	0.396347320603354	0.327450162137045
"8.01"	0.585576783942901	0.279403858005109	0.170039016474293	0.735712869397928	0.24860737571951	5.52477410464404	0.0648560121237153	0.0373830562245637	1.22198149393102	0.106908438478973	0.0742450417614851	0.0101794623148616	0.0249081202113251	0.0376727274903444	1.45118237069524	0.237749214453511	1.71588441951854	2.2967490942875	0.474150069538249	0.143394210069028	0.774215750474193	0.716863425919633	0.158089926704808	0.141838746139074	0.00570535283993062
"8.05"	0.0190503607434804	0.0888631679906562	0.151036271987903	0.5378358378072	0.0867317808010924	0.0794966161365955	0.0875718760857264	0.0900628902557958	0.0938078655621978	0.08914375756042	0.0742739107421194	0.0871278708576294	0.0890590758510928	0.091332779233096	0.0803504243360656	0.0521799462140875	0.077419461322919	0.0691309601033149	0.099040969162212	0.0960583798399983	0.0826797254310099	0.0860603689556085	0.0841575322478368	0.0792945619734295	0.0830445579799351
"10.01"	1.16798315957591	1.32671135190564	0.103210216203622	3.59735562680225	0.248153248131618	0.385219899748705	0.505146479419248	1.05239096397392	2.90209690861171	0.593046644321995	0.982746275701826	0.372638606278043	0.859866763269377	0.0160038765163193	2.68692007646604	0.498790985692439	3.87655729539762	1.35360215080375	0.26137371408998	0.262675577265653	1.75725823218901	3.12045188905009	0.652589815439985	1.37249358061168	0.88310662326295
"11.01"	0.194501832214196	0.0667134562171696	0.0818346000136003	0.0706379826717236	0.0337978834049451	0.210993654096118	0.249129935478504	1.1275831904242	0.163288974359676	0.130205578679953	0.605756831627065	0.566121726895075	0.132483398951211	0.0489337815184299	1.75280811498884	0.363034906689816	5.00730161505894	1.38638330739391	0.128959588607929	0.0446181388538133	0.785537742615296	1.18229650390939	0.139575965270659	0.0942270582569372	0.235582328328534
"12.05"	0.411299596122395	0.0742811904957761	0.0647311284470957	0.807043305360939	0.0510206241786053	0.140016647709688	0.189053703875858	0.635821584490756	0.570605263141037	0.158309649808657	0.552498186849275	0.308624237420049	0.200568453721277	0.0618311845676504	1.37920956312203	0.186488393911727	3.75168395444144	1.0078570594452	0.128070066833892	0.0458631855616804	1.06813913613312	1.6557628953381	0.26589933095181	0.324242866285755	0.333868284209139
"13.05"	0.537085936416609	0.0520315267244808	0.0303689258829715	1.45183786417315	0.215762176990028	0.00193213160075288	0.0164303122414502	0.115609731343616	0.343009206153216	0.00184130266571157	0.0691002245766252	0.129071286648482	0.061523146744025	0.0803118627474319	1.00766306803653	0.0285241843933523	1.33680418041069	0.225796130491569	0.0230390953368607	0.0189424690126362	0.694993157344238	1.13391627174433	0.0919382924050294	0.274862754986814	0.0974614831162203
"14.05"	0.552038212605828	0.0641136996382794	0.0913570586006288	0.624481171120785	0.399092234525605	5.13659195679847	0.187459718645519	0.178334791211662	0.789276290891043	0.119150933143096	0.203667611175861	0.258841078853724	0.112176144274629	0.036266512301843	1.11497940536432	0.142808182484304	1.53406946027689	2.05121356360629	0.215441693589145	0.11799887508018	1.73487422726201	1.09942574051096	0.187363189877746	0.125546863592937	0.439912822055462
"19.05"	0.372878890398619	0.00823081677022223	0.0608087033806937	0.216858381158349	0.141598618343258	0.154274628824969	0.181388225989944	0.912705268094626	0.420240295155685	0.19165504502998	0.499698151657454	0.80679662311218	0.224458385031273	0.00459692386532951	1.05525940801597	0.21610104969167	3.18188630139476	1.10425522988519	0.209845852839527	0.234502502603655	4.43107943089129	2.98504557166087	0.469477611902753	0.157611528004807	2.90254886989914
